70.015
70.015
70.015
70.015
70.015
70.015
70.015
70.015
70.015
70.015
70.015
70.015
70.015
70.015
70.015
70.015
70.015
70.015
70.015
70.015
70.015
70.015
70.015
70.015
70.015
70.015
70.015
70.015
70.015
70.015
70.015
70.015
70.015
70.015
70.015
70.015
70.015
70.015
70.015
70.015
70.015
70.015
70.015
70.015
70.015
70.015
70.015
70.015
70.015
70.015
80.081
76.1823
72.4733
68.9449
66.6102
67.7641
71.1799
73.209
71.9269
68.857
67.0519
68.286
71.2351
72.7739
71.4729
68.8202
67.4558
68.716
71.2442
72.3822
71.0991
68.8231
67.8214
69.0669
71.2187
72.0322
70.7943
68.856
68.1492
69.3501
71.1682
71.7216
70.5486
68.9106
68.4406
69.5759
71.1005
71.4481
70.353
68.9799
68.6972
69.7536
71.0219
71.2089
70.1998
69.0585
68.9213
69.8911
70.9372
71.0012
70.0818
69.1419
69.1156
69.9954
70.8504
70.8221
69.9931
69.2267
69.2826
70.0725
70.7643
70.6689
69.9282
69.3101
69.4251
70.1276
70.681
70.5387
69.8828
69.3905
69.5457
70.165
70.6019
70.4289
69.8528
69.4664
69.647
70.1884
70.5281
70.3371
69.8351
69.5369
69.7313
70.2009
70.46
70.2609
69.8269
69.6016
69.8009
70.2051
70.3981
70.1983
69.8259
69.6604
69.8578
70.2031
70.3423
70.1473
69.8302
69.7131
69.9039
70.1966
70.2925
70.1063
69.8383
69.76
69.9407
70.1869
70.2484
70.0736
69.8491
69.8013
69.9698
70.1751
70.2098
70.0481
69.8614
69.8374
69.9923
70.1622
70.1761
70.0284
69.8746
69.8687
70.0095
70.1487
70.1471
70.0135
69.8881
69.8957
70.0223
70.1352
70.1222
70.0027
69.9014
69.9187
70.0315
70.1221
70.101
69.995
69.9143
69.9382
70.0378
70.1095
70.0831
69.9899
69.9264
69.9546
70.0418
70.0978
70.0681
69.9868
69.9377
69.9683
70.0441
70.0869
70.0557
69.9853
69.9481
69.9796
70.0449
70.077
70.0454
69.985
69.9576
69.9889
70.0448
70.068
70.0371
69.9856
69.966
69.9964
70.0438
70.06
70.0303
69.9868
69.9736
70.0024
70.0424
70.0529
70.025
69.9884
69.9802
70.0072
70.0406
70.0467
70.0208
69.9904
69.9861
70.0109
70.0385
70.0412
70.0175
69.9924
69.9911
70.0137
70.0364
70.0365
70.0151
69.9946
69.9955
70.0159
70.0343
70.0325
70.0133
69.9967
69.9992
70.0174
70.0322
70.0291
70.012
69.9987
70.0024
70.0184
70.0302
70.0262
70.0111
70.0007
70.0051
70.0191
70.0283
70.0237
70.0106
70.0025
70.0073
70.0195
70.0266
70.0217
70.0103
70.0042
70.0091
70.0197
70.025
70.02
70.0102
70.0057
70.0106
70.0197
70.0236
70.0187
70.0103
70.007
70.0119
70.0196
70.0223
70.0176
70.0105
70.0082
70.0128
70.0193
70.0211
70.0167
70.0107
70.0093
70.0136
70.0191
70.0201
70.016
70.011
70.0103
70.0142
70.0187
70.0193
70.0154
70.0114
70.0111
70.0147
70.0184
70.0185
70.015
70.0117
70.0118
70.0151
70.0181
70.0178
70.0147
70.012
70.0124
70.0153
70.0177
70.0173
70.0145
70.0124
70.0129
70.0155
70.0174
70.0168
70.0144
70.0127
70.0133
70.0156
70.0171
70.0164
70.0143
70.013
70.0137
70.0157
70.0168
70.0161
70.0142
70.0132
70.014
70.0157
70.0166
70.0158
70.0142
70.0135
70.0142
70.0157
70.0164
70.0156
70.0142
70.0137
70.0144
70.0157
70.0162
70.0154
70.0143
70.0139
70.0146
70.0157
70.016
70.0153
70.0143
70.0141
70.0147
70.0156
70.0158
70.0151
70.0143
70.0142
70.0148
70.0156
70.0157
70.0151
70.0144
70.0143
70.0149
70.0155
70.0155
70.015
70.0144
70.0145
70.015
70.0155
70.0154
70.0149
70.0145
70.0146
70.015
70.0154
70.0153
70.0149
70.0146
70.0146
70.015
70.0154
70.0153
70.0149
70.0146
70.0147
70.0151
70.0153
70.0152
70.0149
70.0146
70.0148
70.0151
70.0153
70.0152
70.0149
70.0147
70.0148
70.0151
70.0152
70.0151
70.0148
70.0147
70.0148
70.0151
70.0152
70.0151
70.0149
70.0148
70.0149
70.0151
70.0152
70.015
70.0149
70.0148
70.0149
70.0151
70.0151
70.015
70.0149
70.0148
70.0149
70.0151
70.0151
70.015
70.0149
70.0148
70.0149
70.0151
70.0151
70.015
70.0149
70.0149
70.015
70.0151
70.0151
70.015
70.0149
70.0149
70.015
70.0151
70.0151
70.015
70.0149
70.0149
70.015
70.015
70.015
70.015
70.0149
70.0149
70.015
70.015
70.015
70.015
70.0149
70.0149
70.015
70.015
70.015
70.015
70.0149
70.0149
70.015
70.015
70.015
70.0149
70.0149
70.0149
70.015
70.015
70.015
70.0149
70.0149
70.0149
70.015
70.015
70.015
70.0149
70.0149
70.015
70.015
70.015
70.015
70.0149
70.0149
70.015
70.015
70.015
70.015
70.0149
70.0149
70.015
70.015
70.015
70.015
70.0149
70.0149
70.015
70.015
70.015
70.015
70.0149
70.0149
70.015
70.015
70.015
70.015
70.0149
70.0149
70.015
70.015
70.015
70.015
70.0149
70.0149
70.015
70.015
70.015
70.015
70.0149
70.0149
70.015
70.015
70.015
59.9489
68.6261
76.7718
77.3631
73.5967
70.0136
66.6063
66.686
70.1733
73.3097
72.9311
69.7313
66.9582
67.3215
70.4247
72.9394
72.3643
69.5268
67.2971
67.8609
70.5994
72.592
71.8849
69.3863
67.6184
68.3152
70.7127
72.2697
71.482
69.2979
67.9187
68.6948
70.7777
71.9737
71.1462
69.2507
68.1958
69.0093
70.8052
71.7045
70.8687
69.2357
68.4485
69.2673
70.8044
71.4619
70.6414
69.2451
68.6765
69.477
70.7827
71.2451
70.4572
69.2723
68.8802
69.6455
70.7463
71.053
70.3096
69.3121
69.0605
69.7791
70.6999
70.8841
70.1931
69.3602
69.2188
69.8836
70.6475
70.7366
70.1024
69.4131
69.3566
69.9639
70.5921
70.6089
70.0334
69.4681
69.4757
70.0243
70.5359
70.4992
69.982
69.5233
69.5777
70.0683
70.4806
70.4055
69.9451
69.5771
69.6644
70.0992
70.4275
70.3261
69.9198
69.6284
69.7376
70.1197
70.3774
70.2594
69.9037
69.6765
69.7989
70.1319
70.3308
70.2038
69.8948
69.721
69.8497
70.1377
70.2881
70.1578
69.8916
69.7616
69.8915
70.1387
70.2494
70.1202
69.8925
69.7983
69.9256
70.1361
70.2147
70.0897
69.8964
69.8311
69.953
70.1309
70.1837
70.0653
69.9025
69.8602
69.9748
70.124
70.1565
70.046
69.91
69.8857
69.9919
70.116
70.1327
70.0309
69.9183
69.9079
70.0051
70.1073
70.112
70.0194
69.927
69.9271
70.0151
70.0985
70.0942
70.0109
69.9358
69.9436
70.0224
70.0898
70.0789
70.0047
69.9444
69.9577
70.0276
70.0814
70.066
70.0004
69.9526
69.9695
70.0311
70.0734
70.0552
69.9977
69.9603
69.9795
70.0332
70.066
70.0461
69.9961
69.9675
69.9877
70.0343
70.0591
70.0386
69.9955
69.974
69.9945
70.0345
70.0529
70.0325
69.9955
69.9799
70.0001
70.0342
70.0474
70.0275
69.9961
69.9851
70.0046
70.0334
70.0424
70.0235
69.997
69.9898
70.0081
70.0324
70.038
70.0203
69.9982
69.9939
70.0109
70.0311
70.0341
70.0178
69.9995
69.9975
70.0131
70.0298
70.0308
70.0159
70.0009
70.0006
70.0148
70.0284
70.0279
70.0145
70.0022
70.0033
70.016
70.027
70.0254
70.0135
70.0036
70.0056
70.0169
70.0257
70.0233
70.0128
70.0049
70.0075
70.0174
70.0244
70.0216
70.0123
70.0061
70.0091
70.0178
70.0232
70.0201
70.012
70.0073
70.0105
70.018
70.0221
70.0189
70.0119
70.0083
70.0116
70.0181
70.0211
70.0179
70.0119
70.0093
70.0125
70.018
70.0202
70.0171
70.012
70.0101
70.0132
70.0179
70.0194
70.0164
70.0121
70.0109
70.0138
70.0178
70.0187
70.0159
70.0123
70.0116
70.0143
70.0176
70.0181
70.0155
70.0125
70.0121
70.0146
70.0173
70.0175
70.0152
70.0127
70.0126
70.0149
70.0171
70.0171
70.0149
70.0129
70.0131
70.0151
70.0169
70.0167
70.0148
70.0131
70.0134
70.0152
70.0167
70.0163
70.0146
70.0133
70.0137
70.0153
70.0165
70.0161
70.0146
70.0135
70.014
70.0154
70.0163
70.0158
70.0145
70.0137
70.0142
70.0154
70.0161
70.0156
70.0145
70.0139
70.0144
70.0155
70.016
70.0155
70.0145
70.014
70.0146
70.0155
70.0158
70.0153
70.0145
70.0142
70.0147
70.0154
70.0157
70.0152
70.0145
70.0143
70.0148
70.0154
70.0156
70.0151
70.0145
70.0144
70.0148
70.0154
70.0155
70.0151
70.0146
70.0145
70.0149
70.0154
70.0154
70.015
70.0146
70.0146
70.015
70.0153
70.0153
70.015
70.0146
70.0147
70.015
70.0153
70.0152
70.0149
70.0147
70.0147
70.015
70.0152
70.0152
70.0149
70.0147
70.0148
70.015
70.0152
70.0151
70.0149
70.0147
70.0148
70.015
70.0152
70.0151
70.0149
70.0148
70.0148
70.015
70.0152
70.0151
70.0149
70.0148
70.0149
70.015
70.0151
70.015
70.0149
70.0148
70.0149
70.015
70.0151
70.015
70.0149
70.0148
70.0149
70.015
70.0151
70.015
70.0149
70.0149
70.0149
70.015
70.0151
70.015
70.0149
70.0149
70.0149
70.015
70.015
70.015
70.0149
70.0149
70.015
70.015
70.015
70.015
70.0149
70.0149
70.015
70.015
70.015
70.015
70.0149
70.0149
70.015
70.015
70.015
70.015
70.0149
70.0149
70.015
70.015
70.015
70.015
